0.19218159581489 1.2186524308645 0.717275747300409 0.381595645570176 1.01907933478415 0.532842618846103 0.593898731128187 0.241344324926652"
-0.017708145491929 0 0.544548987369118 0.00329772749142879 0.40530774605816 0.169027454194506 0.200871104529617 0.0186733301485212"
-0.00801195809738522 1.54696963636364 1.03343042176871 0.304418288527974 0.630924162531464 0.265293560035057 0.146969506783976 0.454046274109042"
0.260754500615606 0.897449214642241 0.00582614838416025 0.0617461530153015 0.492473138130687 0.230944417777778 0.258587127973837 0.232290944302119"
-0.0272462001460921 0.430654651829344 0.136652526274702 0.107875960505166 0.564113325151382 0.144081936910218 0.184395435933731 0.10382449749084"
0.415327134657837 0.77932022470951 0.326508540336658 0.128524819658601 0.294020307813468 0.228337654778825 0.550526279699248 0.372209820337196"
-0.185323323152789 0.72036582724481 0.545080103436905 0.459244896913499 0.773227357746268 0.252346853112524 0.440266995016511 -0.0173643387355003"
0.120470784759367 0.749221569428633 0.144207852741926 -0.0103815579236851 0.413262491548895 0.256562813061899 0.346995115360679 0.164451431523479"
0.104305240819638 0.919432298639435 -0.0311730825394568 0.264275162628831 0.343274127991414 0.0431767397361478 0.155824813833144 -0.035990360173223"
0.107832847819559 0.505352652326163 0.179403269965056 0.0139971413940256 0.280605725159413 0.200585861221474 0.301410730364095 0.450758460343054"
0.0953792311723479 2.93060879220145 0.443062433097332 0.224329016217161 0.271303850416265 0.0164955641563047 0.727551582704877 0.616286934570493"
0.836242076358926 1.00348407856518 0.619601445809446 -0.0335185699453589 0.631504666172611 0.315002932795577 -0.0242503339655286 0.223989643528362"
0.238102618376603 0.735800273094614 0.102786917240112 0.0670303975058457 0.645312277689414 0.247181864972166 -0.0685808359570668 0.415473404157044"
0.718198011915712 0.188055511528043 -0.0427017817389089 -0.0210394992806948 0.143916992096489 0.431093119803778 0.136062589516992 0.31989290950844"
-0.106643984554617 1.33396882070089 1.92585371397537 0.296249723437818 0.648994334375638 -0.154897189842805 0.4630584990919 1.61283883537274"
0.0782504414125199 0.678135392561313 0.17177984082645 0.742575156490892 0.826290298207709 -0.213392200147167 0.576108976464767 0.124044679600235"
1.02933053129128 0.268891556615018 0.0643514444306264 -0.021162102627996 0.0748340374170187 0.0974734981567292 0.183726603541635 0.55721654919731"
-0.107079885143946 0.831713238407572 -0.0228001039701606 0.397733962313616 0.524909030228398 0.203002421386954 0.207172308454505 -0.228265537473233"
0.0754806818913238 0.328033559662454 0.137517287032491 -0.0352577344265867 0.657296923456868 0.353402769802901 0.0676808759226812 0.204952049757223"
0.316460694735426 0.359011627906977 0.191695435241707 0.00633140390010283 0.261771674438499 0.233954137535817 0.0866421417094871 0.107764287283974"
0.112087389938539 0.404384444472146 0.323269079903129 -0.325849452043011 0.376637223838182 0.349028668302257 0.251008241756348 1.10732053362053"
0.204010495374628 0.224043409940484 -0.195669728162787 -0.126793322065762 0.671251253555871 0.501787457992122 0.555481526381071 -0.0925056256616194"
0.0648269290140084 0.00264405494118891 0.142696191660425 0.0660363909832801 0.697631570125479 0.232481450948063 0.35062448617306 0.319256810189562"
1.20909492270896 1.05572139303483 0.206636845214195 0.253260869971709 0.16405639225658 -0.100349459752374 0.673108081373181 0.579485928469412"
-0.0401487112989038 0.212826567604137 0.180221237180853 0.143117884240692 0.670713523230225 0.0929109743589743 0.456416650153337 0.318700991883652"